1 0.4 0.2 
2 0.2 0.15 
3 0.2 0.1 
4 0.2 0.1 
5 0.4 0.15 
6 0.2 0.1 
7 0.8 0.45 
8 0.4 0.15 
9 0.6 0.3 
10 0.6 0.55 
11 0.4 0.4 
12 0.4 0.15 
13 0.4 0.3 
14 0.8 0.4 
15 0.2 0.1 
16 0.4 0.15 
17 0.4 0.25 
18 0.2 0.2 
19 0.6 0.3 
20 0.4 0.1 
21 0.2 0.15 
22 0.2 0.2 
23 0.6 0.2 
24 0.2 0.1 
25 0.4 0.45 
26 0.4 0.3 
27 0.6 0.55 
28 0.6 0.2 
29 0.6 0.5 
30 0.4 0.15 
31 0.2 0.1 
32 0.2 0.1 
33 0.2 0.05 
34 1.0 1.0 
35 1.0 1.0 
36 0.2 0.3 
37 0.4 0.15 
38 0.4 0.45 
39 0.2 0.3 
40 0.6 0.3 
41 1.0 1.0 
42 0.8 0.4 
43 0.4 0.35 
44 0.6 0.3 
45 0.8 0.35 
46 1.0 1.0 
47 1.0 1.0 
48 0.8 0.4 
49 0.4 0.15 
50 1.0 1.0 
51 1.0 1.0 
52 1.0 1.0 
53 1.0 1.0 
54 1.0 1.0 
55 1.0 1.0 
56 1.0 1.0 
57 0.2 0.05 
58 0.8 0.5 
59 0.4 0.5 
60 0.8 0.45 
61 0.8 0.55 
62 0.4 0.25 
63 0.8 0.35 
64 0.2 0.05 
