1 0.0 0.05 
2 0.0 0.0 
3 0.0 0.0 
4 0.0 0.0 
5 0.2 0.1 
6 0.0 0.0 
7 0.4 0.1 
8 0.0 0.05 
9 0.0 0.15 
10 0.4 0.35 
11 0.8 0.3 
12 0.4 0.1 
13 0.4 0.15 
14 0.2 0.05 
15 0.0 0.05 
16 0.2 0.05 
17 0.0 0.05 
18 0.0 0.1 
19 0.4 0.15 
20 0.0 0.05 
21 0.2 0.05 
22 0.0 0.0 
23 0.4 0.2 
24 0.2 0.05 
25 0.6 0.3 
26 0.0 0.0 
27 0.2 0.35 
28 0.6 0.15 
29 0.2 0.25 
30 0.2 0.05 
31 0.2 0.05 
32 0.2 0.05 
33 0.0 0.05 
34 1.0 1.0 
35 1.0 1.0 
36 0.2 0.05 
37 0.2 0.1 
38 0.4 0.25 
39 0.4 0.15 
40 0.4 0.2 
41 1.0 1.0 
42 0.4 0.2 
43 0.0 0.1 
44 0.0 0.1 
45 0.2 0.1 
46 1.0 1.0 
47 1.0 1.0 
48 0.2 0.05 
49 0.0 0.0 
50 1.0 1.0 
51 1.0 1.0 
52 1.0 1.0 
53 1.0 1.0 
54 1.0 1.0 
55 1.0 1.0 
56 1.0 1.0 
57 0.2 0.05 
58 0.6 0.25 
59 0.4 0.25 
60 0.0 0.1 
61 0.4 0.4 
62 0.0 0.05 
63 0.4 0.25 
64 0.0 0.0 
