1 0.25 0.105263157895 
2 0.0 0.05 
3 0.0 0.0 
4 0.2 0.1 
5 0.2 0.15 
6 0.2 0.1 
7 0.8 0.4 
8 0.4 0.1 
9 0.2 0.2 
10 0.8 0.55 
11 0.6 0.3 
12 0.4 0.2 
13 0.6 0.2 
14 0.4 0.2 
15 0.0 0.15 
16 0.2 0.2 
17 0.4 0.2 
18 0.0 0.15 
19 0.8 0.25 
20 0.6 0.15 
21 0.0 0.1 
22 0.0 0.1 
23 0.6 0.15 
24 0.2 0.05 
25 1.0 0.35 
26 0.4 0.3 
27 0.6 0.35 
28 0.6 0.2 
29 0.2 0.45 
30 0.2 0.05 
31 0.2 0.1 
32 0.2 0.1 
33 0.0 0.05 
34 1.0 1.0 
35 1.0 1.0 
36 0.2 0.15 
37 0.4 0.15 
38 0.2 0.05 
39 0.4 0.25 
40 0.2 0.2 
41 1.0 1.0 
42 0.0 0.15 
43 0.0 0.25 
44 0.4 0.15 
45 0.8 0.3 
46 1.0 1.0 
47 1.0 1.0 
48 0.2 0.05 
49 0.4 0.1 
50 1.0 1.0 
51 1.0 1.0 
52 1.0 1.0 
53 1.0 1.0 
54 1.0 1.0 
55 1.0 1.0 
56 1.0 1.0 
57 0.2 0.05 
58 0.4 0.3 
59 0.4 0.4 
60 0.2 0.15 
61 0.8 0.5 
62 0.0 0.0 
63 0.8 0.35 
64 0.2 0.05 
