1 0.4 0.2 
2 0.6 0.15 
3 0.2 0.1 
4 0.4 0.15 
5 0.4 0.2 
6 0.2 0.15 
7 0.8 0.55 
8 0.4 0.15 
9 0.8 0.35 
10 0.6 0.55 
11 0.4 0.4 
12 0.4 0.15 
13 0.4 0.3 
14 0.8 0.45 
15 0.2 0.1 
16 0.2 0.25 
17 0.4 0.25 
18 0.4 0.2 
19 0.6 0.3 
20 0.4 0.1 
21 0.0 0.2 
22 0.0 0.2 
23 0.6 0.2 
24 0.2 0.1 
25 0.4 0.5 
26 0.2 0.25 
27 0.8 0.5 
28 0.8 0.2 
29 0.4 0.5 
30 0.4 0.1 
31 0.2 0.1 
32 0.2 0.1 
33 0.2 0.05 
34 1.0 1.0 
35 1.0 1.0 
36 0.4 0.3 
37 0.6 0.25 
38 0.8 0.5 
39 0.2 0.3 
40 0.6 0.35 
41 1.0 1.0 
42 0.8 0.4 
43 0.4 0.4 
44 0.8 0.3 
45 0.6 0.35 
46 1.0 1.0 
47 1.0 1.0 
48 0.2 0.3 
49 0.4 0.15 
50 1.0 1.0 
51 1.0 1.0 
52 1.0 1.0 
53 1.0 1.0 
54 1.0 1.0 
55 1.0 1.0 
56 1.0 1.0 
57 0.2 0.05 
58 0.8 0.5 
59 0.4 0.55 
60 1.0 0.55 
61 1.0 0.55 
62 0.6 0.2 
63 1.0 0.4 
64 0.2 0.05 
