1 0.0 0.0526315789474 
2 0.2 0.05 
3 0.0 0.0 
4 0.0 0.0 
5 0.2 0.05 
6 0.0 0.05 
7 0.2 0.1 
8 0.0 0.05 
9 0.2 0.05 
10 0.6 0.4 
11 1.0 0.3 
12 0.4 0.1 
13 0.2 0.15 
14 0.2 0.05 
15 0.2 0.05 
16 0.0 0.05 
17 0.0 0.0 
18 0.2 0.1 
19 0.4 0.2 
20 0.2 0.05 
21 0.4 0.15 
22 0.0 0.05 
23 0.2 0.15 
24 0.2 0.1 
25 0.2 0.35 
26 0.0 0.0 
27 0.6 0.3 
28 0.6 0.2 
29 0.0 0.05 
30 0.0 0.05 
31 0.2 0.05 
32 0.2 0.05 
33 0.0 0.05 
34 1.0 1.0 
35 1.0 1.0 
36 0.2 0.1 
37 0.2 0.05 
38 0.0 0.0 
39 0.2 0.15 
40 0.2 0.1 
41 1.0 1.0 
42 0.2 0.35 
43 0.0 0.05 
44 0.4 0.1 
45 0.2 0.15 
46 1.0 1.0 
47 1.0 1.0 
48 0.0 0.0 
49 0.0 0.0 
50 1.0 1.0 
51 1.0 1.0 
52 1.0 1.0 
53 1.0 1.0 
54 1.0 1.0 
55 1.0 1.0 
56 1.0 1.0 
57 0.2 0.05 
58 0.6 0.2 
59 0.4 0.25 
60 0.0 0.15 
61 0.8 0.45 
62 0.0 0.05 
63 0.6 0.2 
64 0.0 0.0 
